Test-Train: 0.823254
Test-Test: 0.819308
