Train-Train: 0.867345
Train-Test: 0.860146
