Test-Train: 0.823057
Test-Test: 0.818639
